-0.12697413901840648
0.04157258295158783
-0.13512325660954283
-0.1384121801612408
-0.15548161211501554
0.16143759590104423
-0.03246868874376574
-0.07095172246354609
-0.0724332471813256
0.19932238794284918
0.060931745723331265
0.043050274384869414
0.18112541546079242
0.04168477896059131
0.16619787661541452
0.09960485065804281
0.05598969312468083
-0.01398215012660331
0.08716808603257153
0.15328624206092967
-0.12565357950634803
-0.05529306384229904
-0.053212877658713076
0.12426115282183892
-0.09428597586817333
0.005497573132485889
0.009748162649894976
-0.07139893259168595
0.11700301642852395
-0.11024787567941918
-0.01005280745529502
0.09283115892450167
0.026484916322711993
-0.09998278646005643
0.08724022004094778
-0.05332278365177556
0.11598513422694945
-0.032461009533615304
0.07956173052606141
0.0958308286925752
-0.1313638588608237
0.011196149006396205
0.12801017182217
0.032228963839253
-0.2257441248077814
0.06259151870728485
-0.04487022449164635
-0.07898602741718785
-0.15807232248887781
-0.053619476781247455
-0.1962780483120461
-0.1804048282543862
0.1826630664678136
0.03764912959695421
0.11201834109270481
-0.005656377049839456
0.019520483685731893
-0.0964935905998896
0.07200675794607891
0.19811579641126786
0.06695954634371148
0.03035217794124212
0.11799943093142218
0.17010209748622884
-0.0938057286845071
0.18657610318931406
0.01095993301292042
0.041317578917523745
0.11643905174837343
-0.011554415837679688
-0.07756166323970048
0.1065995247950563
-0.028224906586478804
-0.1264263044809244
0.06853669483815628
-0.03596363942540304
0.09127183562475094
-0.06670050520877968
-0.036994207763984654
0.02349184030111784
0.033214471580670146
-0.04143102047665348
-0.012934070712869561
-0.0024223747322345
0.14527598027905209
0.10730766028684202
-0.11654524807939959
0.12685512030389223
0.0240471472087741
-0.16916495822358124
-0.043530789932060276
-0.07475241775253849
0.15890601854914232
0.06861543085704758
-0.016223453681270206
0.16344334547961337
0.12845628369083673
-0.06785871264589094
0.24388150147200183
-0.07449703639622207
0.022571586459640636
0.039397392339038606
-0.1938306780458059
-0.1926345982892088
-0.0413813577767661
0.010500815804763586
0.047843885204296166
0.002542785818605231
-0.16777629326579535
0.20554449397289265
0.005836168315840773
-0.09303191029127889
-0.05303292297815254
-0.05370011449162515
0.1510067517485686
0.027061889889785418
-0.1014182141381168
-0.004416619580930092
0.07731659574741012
0.06305531421977206
-0.021031496731362065
-0.009525459821722038
0.0013680128337355546
0.07871500462736447
-0.2596483784667454
0.08105885609936037
-0.010974983207427735
-0.05795258476383003
0.13549923632473038
0.09941739405465622
0.019977254550651358
0.04584178597454103
-0.17809857040715182
0.06580368077775167
-0.020020106601790877
-0.029398707372807698
0.07028871213129573
0.22847860565091827
0.013545309266966066
0.03286499138495291
-0.1267773019056173
0.007546622887196541
-0.044420998423039926
0.08742226639272699
-0.1914129521012098
-0.1341181638919693
-0.03979476663063175
0.0815716081624076
0.06940355441860324
-0.16531903723646324
-0.03429235985429635
-0.021267584205278967
-0.035011300342534746
-0.05877031905020069
-0.10545534354055297
0.07421992207423256
-0.04086493542510139
-0.02247492764553849
-0.07912481675202487
0.08164139749765764
-0.1327326209256754
0.012313198580166218
-0.11586422463047574
0.1866516973940452
-0.08365755790795215
-0.09197497897635376
0.03729266253188823
0.14145072841413164
0.1441585308142065
0.0907077635953718
-0.038331914970079595
0.10780997608929799
0.12651826702607427
0.09247202886859474
-0.010492684282530362
-0.13880913873548129
-0.11226525259173803
-0.005152060715079676
0.1524230675982987
0.11528367367989989
-0.12570201792367008
0.15758718260613458
-0.15344282275085042
-0.07608542893523862
-0.061705234288255806
0.11451660611354686
0.05283581885485367
-0.18200059812204228
-0.08390685358082073
0.17043264367430877
0.10730946103231775
0.0805194420582761
0.025405539965699275
0.0074271129093762545
-0.027263568615410128
-0.06691604948645513
-0.1114587170526109
0.017677904769673347
0.04896466256187382
0.04942111949775363
